time,x,y,z,phi,theta,psi,x_velocity,y_velocity,z_velocity,phi_velocity,theta_velocity,psi_velocity,rotor_speed1,rotor_speed2,rotor_speed3,rotor_speed4
0.06,-7.674953598586149e-06,7.360066238738871e-07,10.006675681220571,8.857930666295033e-05,0.0019283419697435633,0.0,-0.00047063324730731745,4.0791247157113186e-05,0.2225049481300804,-0.004674031848832447,0.014059170074033327,0.0,473.60278188562285,474.6826299978492,474.39734239836986,474.03840748119427
0.12000000000000001,-8.237261650283162e-05,3.170104392486579e-05,10.023453592927732,0.006442634510683831,0.0032693121927147573,0.0,-0.0021682385054100804,0.001683604516563957,0.3367293794282041,-0.03411551580677927,0.005040570489475326,0.0,442.0169413715907,441.2731001499049,442.48685831130297,440.0569298108219
0.18,-0.0002893904713404519,0.0002798566235305347,10.04785316075132,0.007671037738433917,0.004438809338002336,0.0,-0.004870753285106523,0.006743311355212592,0.4765393993431448,-0.05517727078860253,-0.006430076255740614,0.0,450.650285034256,449.72226942662087,449.66958900752064,447.95953790696456
0.23999999999999996,-0.0006698632618897752,0.0008340620276783837,10.078829285655434,0.006291212533173329,0.004312179310123732,0.0,-0.007794528802072667,0.011609780670087834,0.5559632283519449,-0.07164649369743706,-0.0019255798618300554,0.0,430.5080752401104,430.8890747678886,431.1632978481283,429.7670846062403
0.3,-0.0012127682103827365,0.0016216746377385471,10.111048760608098,0.002120986112152501,0.005405035012256754,0.0,-0.010402401610432176,0.014301456198963157,0.5180388542633266,-0.06873978642602034,-0.015227078530474246,0.0,391.1682460002007,389.92786797275363,391.3739598572395,391.6398013154018
0.36000000000000004,-0.001968550826731959,0.002511649774752905,10.147945897336827,6.281169906576627,0.006745708102378956,0.0,-0.014927433725469423,0.01488631120944219,0.7117643224363781,-0.0699727031677878,6.40059174860548e-05,0.0,466.006130735103,467.1998055377958,465.44978008020087,465.34990379526073
0.4200000000000001,-0.0030194925307726215,0.0033518283525032022,10.195997349875462,6.279322354320389,0.006794926807815571,0.0,-0.020107122947815585,0.01293078616303711,0.8898282768918153,-0.08801176300460378,0.0014880499393669473,0.0,461.0932347980334,461.20569401718836,462.66692363500874,461.2403347872476
0.48000000000000015,-0.004395599641081938,0.004018636855879061,10.255982020998283,6.2756602507774275,0.0077009355941708435,0.0,-0.02588365162080683,0.008876970519043187,1.1094705441619386,-0.1032006874088211,-0.009684199925611606,0.0,474.6248927012669,473.766812714613,474.7284845850238,473.55497462960614
0.5400000000000001,-0.006129445750850821,0.004345134917595008,10.32869300764601,6.26948313857589,0.007156108088343771,0.0,-0.031844223019463214,0.0012860221933602674,1.3140100701425845,-0.10619943081715208,-0.008478588808071284,0.0,470.7476394522143,470.84103795238656,469.6159610876268,469.3744913787614
0.6000000000000002,-0.008207506177047099,0.004142127174931223,10.410753334418892,6.270508878860255,0.011402096479961266,0.0,-0.037886988599950176,-0.007912623680258104,1.4212042947324404,-0.13721907509911782,-0.033595252407782245,0.0,441.13334170718895,439.0546573817112,443.03547883793755,440.4655159777827
0.6600000000000003,-0.010692519534947868,0.0034012850435174795,10.497132785674216,6.262331476946466,0.010552839216405374,0.0,-0.0448798110357363,-0.017535364799327855,1.458053302201937,-0.14127153673715603,-0.04668727376591357,0.0,419.22905240730023,418.08923531704005,418.4538314490605,418.0818076899432
0.7200000000000003,-0.013602994045720981,0.0018757629073165984,10.588094471994614,6.254081409087981,0.008943412191661615,0.0,-0.05198043839305843,-0.03417702282900149,1.5738312731909134,-0.13712558117697496,-0.05990662471225695,0.0,444.18417721938346,443.0971632518694,444.2959736746207,444.61755587083513
0.7800000000000004,-0.01690400101458972,-0.0008216730163549861,10.686101882367176,6.246978388998592,0.006710237401197361,0.0,-0.05783243833527293,-0.056487749149801446,1.6928908064983625,-0.12664811337273169,-0.07394397446773833,0.0,445.8506347618248,444.69930002773856,445.2111201867938,446.05109120298084
0.8400000000000004,-0.020481017700327637,-0.004876011310062246,10.78815456919316,6.244159625611161,0.0023285071572445304,0.0,-0.06100737353699386,-0.07888538582739944,1.7088342907755325,-0.1518293411475365,-0.07231068922896344,0.0,412.7012020513344,412.84068517285914,413.1778443778802,410.9334491682381
0.9000000000000005,-0.024179082180153823,-0.010590914670703788,10.897538788759354,6.239051655559859,6.281163691917413,0.0,-0.061736337206478746,-0.11223944005770088,1.9369211093490772,-0.13108361796873594,-0.07376278305827808,0.0,479.66564460435666,479.5516835286242,477.15376150839506,478.71676239500727
0.9600000000000005,-0.02782517680444446,-0.018297153022794947,11.01763629756171,6.234183060054159,6.277633295197202,0.0,-0.059415451040114774,-0.14516127134687534,2.066076507949865,-0.11328411184487823,-0.06452839370333928,0.0,449.7142949289446,450.45785348699735,449.0269790772296,450.454499653982
1.0200000000000005,-0.03125440090953944,-0.02813756772643489,11.146424301577133,6.227474589969134,6.27519970716388,0.0,-0.05461033988250276,-0.18358419518441385,2.2265145441328125,-0.11101051353033049,-0.052537286213456845,0.0,459.7255060146637,460.6721290857978,459.7987857374979,459.9680812943815
1.0800000000000005,-0.03432241520971849,-0.0405373499396334,11.286687218455013,6.221456837449036,6.272045760031894,0.0,-0.047281748240608705,-0.230447685996294,2.4484165980376518,-0.10334627626709209,-0.0526260452077037,0.0,478.7979021573242,478.78956660704006,478.9422021547051,479.51531584819554
1.1400000000000006,-0.0368914823632245,-0.055842993782471984,11.439904799563635,6.222594921536128,6.2722298436709245,0.0,-0.03835845347298592,-0.27961141756208374,2.6583718637496885,-0.0748466254003897,-0.03376543665421771,0.0,476.1822829008258,477.6217099836949,475.0272474240231,477.20076173871104
1.2000000000000006,-0.03892776042708783,-0.07408042685673799,11.605510304352297,6.218447308937078,6.271356402807092,0.0,-0.0294078852233737,-0.32876610181233445,2.86128579509642,-0.06951842051921378,-0.02314446734592815,0.0,475.36165802704176,476.17458932274747,474.85865996036443,475.2634390251302
1.2600000000000007,-0.04048181677048586,-0.09494886034737249,11.776951190106072,6.214807521742063,6.270167132904593,0.0,-0.022287912875709307,-0.36716977948870444,2.853399854336473,-0.06264423147655643,-0.019307889252607024,0.0,409.7545221389077,410.0953957146146,409.8243425578416,410.4311044788557
1.3200000000000007,-0.04149939340766893,-0.11867908616128255,11.955112245146786,6.21179093533237,6.2706798051782755,0.0,-0.011685535346826066,-0.42415127051082663,3.084670889761025,-0.07335719653601348,-0.0062960365187420325,0.0,484.609888017198,485.5870692582951,484.8312060289703,484.02277694756583
1.3800000000000008,-0.04200528077769111,-0.14533211129483398,12.139238737972942,6.209112955278705,6.275614404278308,0.0,-0.005564413216941161,-0.4644995533563475,3.0529433307322833,-0.08898874185006343,0.017780934581692415,0.0,402.84432654321176,405.01566956501415,403.37291768850065,401.9531109370583
1.4400000000000008,-0.042200633425465414,-0.174711410701403,12.324801759142625,6.203827210778819,6.279561190829799,0.0,-0.0013230220108373248,-0.5153149849622881,3.1322245802062203,-0.09299483663837928,0.03520963192208725,0.0,439.63993807518835,441.08175902782256,439.8122241262104,439.4733619259384
1.5000000000000009,-0.04222455342811618,-0.20732626688164787,12.51613569157939,6.198991041542051,0.0020864249890264475,0.0,-4.999290234526389e-05,-0.5723150346172755,3.245202434278772,-0.1037172118656518,0.054822773238093446,0.0,449.35074992573516,450.93886277539167,452.599527337692,451.72790699166217
1.560000000000001,-0.042290092181139854,-0.24353107363200466,12.71501073725358,6.194105245255141,0.006075869089634978,0.0,-0.002575764282093097,-0.6350180991332439,3.3834969615059056,-0.0921934684169201,0.04437856565664019,0.0,460.0675676780228,459.24146596977397,459.3481147776895,460.2528377992365
1.620000000000001,-0.04258576031176709,-0.2835091590979918,12.921089623559029,6.188695529153097,0.009689593158914711,0.0,-0.007661025921624007,-0.6981154167840866,3.485415830967262,-0.08938550111135167,0.03242838882173622,0.0,449.9777407594045,449.01010399933347,449.40264948467353,449.62331251250447
1.680000000000001,-0.0432974825811162,-0.32770064782729386,13.136560499746736,6.183344661739662,0.013545165536058335,0.0,-0.016533771092214086,-0.775506886014601,3.696189592670203,-0.08887934961938158,0.01604194751894447,0.0,482.4261866153084,481.18738474641077,484.25333899934867,484.2854919203162
1.740000000000001,-0.044583877175040636,-0.3763913643026025,13.362001566352504,6.179271604460084,0.014503640323812128,0.0,-0.026443682329047,-0.8479205891509857,3.818034077412585,-0.07772651389136744,0.013864657460158043,0.0,458.8629261848051,458.6899316842879,456.87105634600147,457.75372891198907
1.8000000000000012,-0.04638779573504753,-0.4288158531740475,13.58816344408586,6.1782413806025644,0.015324062510726932,0.0,-0.03375252916448853,-0.8996938537219451,3.720987319676225,-0.05801176722235562,0.012409297575579827,0.0,385.810253347823,385.67271810738566,385.8431381217681,387.69535797486407
1.8600000000000012,-0.04879082601191206,-0.48537240688395267,13.817960477981835,6.174758673058509,0.01631683740478973,0.0,-0.04646369518223685,-0.985865993937489,3.9381013240268223,-0.06030784031279693,0.005621279480551274,0.0,486.6694050820448,486.16090927041955,487.194187336428,487.0203944655923
1.9200000000000013,-0.051859305805801524,-0.5463940620385216,14.053615842998948,6.173469737136351,0.016643585642240666,0.0,-0.055848691834635825,-1.0483010173871734,3.917111791163846,-0.07827085057359164,0.0040012038240676,0.0,413.1240459026773,412.9810708525518,416.0500733242918,414.47057069356106
1.9800000000000013,-0.05552195539676393,-0.6113263139459328,14.289175323666504,6.169311455252046,0.018481666321059187,0.0,-0.06641767563706186,-1.1164879222503437,3.9347262656460398,-0.07134744063469209,-0.011098414371142033,0.0,427.36788964140726,426.07883169870337,427.03271194768394,427.6181341077694
2.0400000000000014,-0.05986926987311328,-0.6805713535233183,14.527167082651777,6.169091849830117,0.018056965379992462,0.0,-0.07844263148817486,-1.1916680119591407,3.9980780707369576,-0.09465652554711759,-0.00678619889435274,0.0,442.6550603701851,443.0099270742849,442.33788165878684,440.4089137424869
2.1000000000000014,-0.06495450679339647,-0.754382094430976,14.769622308957587,6.176376057369927,0.02129138531838315,0.0,-0.0913643858717094,-1.2679147355047677,4.083524667433334,-0.13531698309073453,0.012952594692272099,0.0,448.87030167746,450.46942925590037,451.0843367719962,447.77821273353965
2.1600000000000015,-0.07089086286692392,-0.8327644109613855,15.017974797576553,6.1691215847574234,0.022361162843741234,0.0,-0.10662319924745525,-1.3455293545100733,4.194344966214561,-0.14677400291091253,0.005706554454821025,0.0,459.0607579644273,458.48524799519686,457.83370429019146,456.90376702607045
2.2200000000000015,-0.07776885939651607,-0.9159471770118099,15.272897791198192,6.162783068871171,0.025053863433525336,0.0,-0.1228961214937675,-1.4278238286977616,4.302539670552394,-0.16522590141270646,0.021343324627305666,0.0,457.0875476511951,458.3320003517504,459.8372805928996,458.35182015252286
2.2800000000000016,-0.08564075666825333,-1.003983027443713,15.532452395610582,6.155585778826929,0.030105982318559654,0.0,-0.13995383267331385,-1.507379891865053,4.348935305508694,-0.14833293660213423,0.041451005502470405,0.0,439.2482633704202,440.91306222271527,439.6497212310323,441.02287171887514
2.3400000000000016,-0.09478380628849252,-1.0975949421069109,15.799831460695508,6.1466867433703705,0.03303130952815447,0.0,-0.1651461537986898,-1.6139642941466623,4.5626113524911265,-0.14828682385862904,0.03290013111009458,0.0,492.50745198423624,491.8751311305223,491.04555100111565,491.03061637412935
2.4000000000000017,-0.10548471400656678,-1.1977272739870097,16.079369268902745,6.138526808712157,0.03521630063093362,0.0,-0.19178287535191105,-1.7246014734643436,4.75427919986074,-0.15897019338642832,0.02652714695184786,0.0,487.8598060600265,487.3839071194438,487.58469311565676,486.7662881965534
2.4600000000000017,-0.11772833355047943,-1.3041964080910033,16.367084256918826,6.133915320995705,0.04089377673345851,0.0,-0.21687020725660971,-1.8248083072605374,4.8356875855166646,-0.13582681884526754,0.047502241919212915,0.0,455.06737154332984,456.7439480098115,455.97736918230567,457.80188181341543
2.520000000000002,-0.13172550601973912,-1.417171368650692,16.662192621388925,6.12575372582657,0.051769039933964756,0.0,-0.25092864282726024,-1.9418158915186818,5.000212798997163,-0.137089488246845,0.01524637011181254,0.0,484.5091852953635,482.0782834751109,482.06092892006666,481.94991807221584
2.580000000000002,-0.14770532264873917,-1.536538651577297,16.962079683797764,6.119574520425985,0.052950327370872685,0.0,-0.2818266366906421,-2.037653547398971,4.9958334740702295,-0.12257471037691779,0.019827391455077482,0.0,432.47221760303415,432.857890998027,431.40387178776865,432.6113122433349
2.640000000000002,-0.16612137465257257,-1.66334871995739,17.271435609160893,6.1211251805979305,0.06151325077840486,0.0,-0.3330806969894699,-2.188876674987189,5.314427511643223,-0.15648732613433924,0.04839694804493154,0.0,527.2140237217084,529.1846745374377,529.493519945492,527.1415607082392
2.700000000000002,-0.18729235748629294,-1.7978463763463204,17.591397715874553,6.113467465931093,0.06547494100191908,0.0,-0.3729820436482676,-2.295070695802274,5.35050623534225,-0.14322371572189413,0.03586598180802325,0.0,449.6761755511957,448.66085395464455,448.9756297412746,450.0291594386413
2.760000000000002,-0.21096545888618431,-1.9389590083554145,17.91404897934951,6.105788639392859,0.0682052100797188,0.0,-0.41636618312229545,-2.4093590976044745,5.403964887072512,-0.15496953476728897,0.02624931831972027,0.0,456.14708597650707,455.37872257435174,456.3194474915108,455.360951218265
2.820000000000002,-0.23733553123171552,-2.087104830997489,18.239965528138423,6.096610031592505,0.08099700573312951,0.0,-0.4638092066797329,-2.5296368234140827,5.459205736890561,-0.16014426295311915,0.06175689951310123,0.0,457.40219012091796,460.22252019211413,456.6986163009568,456.2630620638596
2.880000000000002,-0.2666842242634486,-2.242436553347063,18.568048890905043,6.088092887563381,0.08571875930286854,0.0,-0.5148797000769599,-2.648817057589884,5.476435163823408,-0.17285291643028047,0.0716651414720337,0.0,446.88757066829845,447.6977332829695,447.4536145951649,446.3919614755221
2.940000000000002,-0.2997391529688586,-2.406218242798123,18.902815267830135,6.078510695832165,0.10215127062153151,0.0,-0.5887576525995273,-2.811427523034193,5.680739743570638,-0.183858207351309,0.10863992051743904,0.0,503.6114267614342,506.2841354949289,504.7726041138366,503.95166017851005
3.000000000000002,-0.33700475577181344,-2.578808186454592,19.24410934626748,6.0674971739845365,0.11364392197948359,0.0,-0.6544664431373377,-2.9424912603725284,5.695054187313884,-0.18695667039528502,0.08297804824102188,0.0,452.0235118292054,449.9588808664475,450.7867739783629,450.50363282425707
3.0600000000000023,-0.3784905323022921,-2.7594955108720507,19.58633509886288,6.0563056369619925,0.14001267635866643,0.0,-0.7307293757543776,-3.0813113682732443,5.711565997218746,-0.1902902135929183,0.13245531036908445,0.0,451.93455745804266,455.9143696800807,452.46073044480283,452.1585080553342
3.1200000000000023,-0.4246440683969348,-2.948162670791286,19.927108270674463,6.04650447208237,0.14887253623148045,0.0,-0.8084431495912172,-3.2084005895301275,5.647274029505372,-0.17751318124784699,0.1207213344868005,0.0,428.8142079956949,427.8318465937402,427.82548240599033,428.87727554633636
3.1800000000000024,-0.47614296537272643,-3.1454514040909354,20.26745476541878,6.039700693677576,0.15666866979923366,0.0,-0.9088451194942689,-3.3684125974500465,5.696732343662264,-0.20023380284672707,0.12775365699306063,0.0,465.75273621203405,466.3154758656369,466.9598714741913,465.152144140915
3.2400000000000024,-0.5333353423203286,-3.3517489827815394,20.60775558803039,6.030910469033824,0.16465726254070212,0.0,-0.9982065752170017,-3.5088803636061936,5.6462481172546095,-0.22114050880505937,0.13289684546999717,0.0,434.8964168152,435.3428307003611,436.8552272376767,435.064770159352
3.3000000000000025,-0.5964256913908661,-3.567243913261427,20.947287323139648,6.017862646488922,0.17267556527156014,0.0,-1.1054553557579174,-3.6753411291277676,5.670432100225793,-0.21705839380686895,0.13430003307388147,0.0,461.8211829122643,461.94750901233516,460.094075607744,460.37124944351734
3.3600000000000025,-0.6660000628861287,-3.792813563506717,21.287605250953465,6.004969714054745,0.18082666826525173,0.0,-1.2143380978648113,-3.8446604802497437,5.672532122894207,-0.22239655003057093,0.1366507998414174,0.0,455.2390204884816,455.4434847131394,457.34984804190475,456.8784355072282
3.4200000000000026,-0.7424664811239146,-4.02905917890703,21.629015265362543,5.998327801222928,0.19036002162268328,0.0,-1.3353473514891212,-4.0306470515865325,5.706773031275252,-0.2519824062133123,0.12273936705038196,0.0,469.2667966807181,468.2004876174623,469.5309644996337,467.17861881203805
3.4800000000000026,-0.8254810761232894,-4.275322233092607,21.967998656060026,5.986037505546442,0.19776955604070423,0.0,-1.4323769413122214,-4.179077795028955,5.592377192141793,-0.2347211284182948,0.1189189194550575,0.0,421.37351952372876,421.0572561014677,420.39294904071164,421.8220990091128
3.5400000000000027,-0.915753324339189,-4.5326121218037905,22.306287149333173,5.971950579613827,0.2065537206033401,0.0,-1.577364087464553,-4.398325736905924,5.682070469453646,-0.23492030484899912,0.13183638303461032,0.0,488.1181918033681,489.0936979830294,489.9219547743681,489.8578127246215
3.6000000000000028,-1.0136588488121712,-4.801510642993022,22.64415843166145,5.95787728477667,0.21623122566483044,0.0,-1.6868653466028782,-4.565984652067205,5.579698999182008,-0.23814049388561204,0.1452478298406029,0.0,429.3336313312791,430.4881971641058,430.6669423463079,430.3368813820283
3.660000000000003,-1.1188008584445224,-5.081425842108102,22.977976253169878,5.944851210522383,0.2262620530393944,0.0,-1.8186332501194946,-4.765441043263028,5.546414485036274,-0.25170847916709066,0.13142323580303503,0.0,455.99781176735195,454.90972610639164,455.93323196094275,454.7902331715979
3.720000000000003,-1.2314329202666374,-5.372688413633789,23.307286606681934,5.93245458407605,0.23415538546516323,0.0,-1.9363486247838169,-4.944238558352216,5.430012799929623,-0.2348505647805373,0.1286749132371761,0.0,429.77906138513487,429.5622519138074,428.23779194594863,429.6068372175759
3.780000000000003,-1.3515627224289757,-5.675310068367807,23.63070766195582,5.920171165990448,0.2447201218970685,0.0,-2.0687342175005496,-5.144000357091142,5.349735080440167,-0.25082911642932226,0.14598756113252467,0.0,443.49602313725006,444.9328016111394,443.513563058932,442.1409376313493
3.840000000000003,-1.4789402931427977,-5.988895249046804,23.94597102134608,5.905293552945153,0.2535620654901978,0.0,-2.1778208509823154,-5.3098902054903245,5.158728801405012,-0.24732974924491424,0.1481578055355802,0.0,405.63491391687785,405.8522271298417,405.1086592764593,405.354222070209
3.900000000000003,-1.6149324377157404,-6.315404104967791,24.25660461240564,5.8911319285781865,0.2628614097311788,0.0,-2.3558536846922205,-5.574617491586367,5.193640837034245,-0.2394306970062435,0.13984155823411465,0.0,485.54353448908296,484.9369089234667,486.0166484352789,486.5542283255712
3.960000000000003,-1.7610487601339173,-6.656988760876843,24.56655698753546,5.877194356009076,0.2761702564270152,0.0,-2.515645766954719,-5.812362806301886,5.136505427359938,-0.24790119290338672,0.1143169656387659,0.0,461.32857118969645,459.3234136767897,459.58129471309223,458.85259354408635
4.020000000000002,-1.9162862099699705,-7.012122323966771,24.87072265585512,5.864635942669217,0.28345508780209716,0.0,-2.659404035974535,-6.026291392365865,5.001442484924793,-0.23238991448732826,0.12036461670310764,0.0,436.11543924886644,436.6328171351568,434.44469027916756,435.6834961326951
4.080000000000001,-2.080222455632798,-7.380234644812106,25.166525640803133,5.850915663806159,0.29096439389519535,0.0,-2.8056155533532516,-6.24502075043299,4.857663760164628,-0.23890354455639345,0.11316940932100708,0.0,435.44594904899265,434.8562651129191,434.85713839839735,434.25475749049025
4.14,-2.254135687208522,-7.763202053482846,25.456827874935865,5.836612156619378,0.29937644128879537,0.0,-2.991929062009831,-6.5213307159425415,4.817088727871208,-0.24236981108691213,0.09796630612003152,0.0,474.6852181954867,473.52629130123046,474.47961831747455,474.15976382183726
4.199999999999998,-2.437825812240517,-8.160834119004692,25.739999750595263,5.82219704191035,0.3053234523193682,0.0,-3.1314564979245634,-6.734035469863057,4.621174404283993,-0.24765716520120504,0.09988423755131792,0.0,422.5712296794553,422.7454808511666,422.2382868879936,421.71859797895775
4.259999999999997,-2.6313509097285785,-8.573340505434158,26.01508260541206,5.807614270475806,0.3195825296910959,0.0,-3.320272153164,-7.0168276024305385,4.5460746269114445,-0.2429730154504231,0.06716600636687681,0.0,470.65167808400577,468.1180283658509,469.3436137908566,469.65006023125125
4.319999999999996,-2.8365490589456375,-9.003226287553932,26.28576406890261,5.793032257153076,0.3248321154495377,0.0,-3.519742033372937,-7.313413015017603,4.474544945098234,-0.24517871361963378,0.05380850350444209,0.0,476.6284270166093,475.6087336656147,475.4307306103687,475.20646522107205
4.379999999999995,-3.053074125840232,-9.45014334503313,26.550038603212716,5.7784447257617195,0.32865366802069307,0.0,-3.6978052356440045,-7.584633797331978,4.33300097117053,-0.24235211218777664,0.06112908552410363,0.0,455.87166277739516,456.45850314748975,454.61136461242836,454.77968457432763
4.439999999999993,-3.2805843265477588,-9.91383987992581,26.806116912463256,5.764806036632704,0.3480637635147339,0.0,-3.886983812185964,-7.87236056591954,4.200717083430012,-0.2540292959407352,0.1034087676027434,0.0,461.48536485931146,464.81610259218706,463.8870232700449,462.91079464973967
4.499999999999992,-3.5203171952666157,-10.395811782557693,27.055420869882056,5.752445421719143,0.3558108637687951,0.0,-4.104270459079133,-8.193775677607787,4.107096758702924,-0.2738638477559191,0.1158664279419558,0.0,482.54930519483213,483.4982537314413,483.1538778193275,481.5930195242616
4.559999999999991,-3.7720745988345312,-10.895732285454605,27.29621035388491,5.736079670031614,0.36461063226538926,0.0,-4.287944034816277,-8.470960284013003,3.91730713110463,-0.2720040255154727,0.12960471028428522,0.0,452.9057576229276,454.02254220445394,452.29334463041397,452.3691459466952
4.6199999999999894,-4.035345105721566,-11.41300263455676,27.526179141154554,5.724416236909724,0.3745102593229461,0.0,-4.488086722329216,-8.771831988670417,3.746304743015425,-0.24953603266807442,0.1444114279790104,0.0,464.5216214134335,465.69751424194226,464.0904947580636,465.7842886737588
4.679999999999988,-4.310804474143493,-11.948547510994356,27.745705812736052,5.715121693726324,0.3856374667443978,0.0,-4.694343801012179,-9.079964053142305,3.569265035324894,-0.27686740317282454,0.12597844154307253,0.0,469.0086084966675,467.5909384490298,468.46763507402324,466.27288794261585
4.739999999999987,-4.597317826975036,-12.50079005019942,27.95132477410077,5.712848170864323,0.39318853596238235,0.0,-4.856634459505729,-9.32884832157327,3.2840711094274084,-0.236571482755287,0.12405271134626542,0.0,429.1334315814052,428.9847691970525,427.62655470492933,430.97446356482703
4.799999999999986,-4.89570777705103,-13.070682933454602,28.143699015190634,5.708274075583297,0.41589946309153625,0.0,-5.090939014748588,-9.667334454782807,3.1258540745739993,-0.27177117021515074,0.08003177666927107,0.0,483.48647580108394,480.166894503395,483.9231520858645,481.2085770932145
4.859999999999984,-5.205711185374367,-13.657627383540564,28.321083763419985,5.692896661258427,0.4207763075728428,0.0,-5.242757718352238,-9.898464340859473,2.7858556570262754,-0.26234725493033223,0.0820614043965516,0.0,414.3730671618531,414.5572951607547,414.46403305768666,415.2134499331406
4.919999999999983,-5.526562112698785,-14.260728036307617,28.480936239513575,5.677171566926138,0.4295133175987633,0.0,-5.452353131613963,-10.205409032080553,2.5401475585157427,-0.2653747703218999,0.05943572820871427,0.0,459.98279779813527,458.1909951843937,458.19683821990407,457.88835686293044
4.979999999999982,-5.858862296361609,-14.880950368589415,28.623547707511364,5.661290702142075,0.43315039772816544,0.0,-5.624341324794365,-10.469528953534914,2.2119411890878222,-0.269114104531684,0.05508051952616691,0.0,429.81770327761444,429.4507296386,430.9265085828317,430.53595521804317
5.0399999999999805,-6.203448567030308,-15.519641002538926,28.74952912637476,5.646575104409907,0.4452486912461948,0.0,-5.861917477691957,-10.820329719131088,1.9843447129984713,-0.2834762852647779,0.08638637976908513,0.0,476.0205402508702,478.41404132088553,478.9690366267659,477.8049756386307
